 closest-food: -37.39613622737373
 closest-scared-ghost: -17.701301070157527
 eats-ghosts: 13.933907388967345
 eats-capsule: 0.30540529769778074
 closest-active-ghost: 56.9683223543468
 eats-pacman: 11.690504177527846
 bias': 0.07892931934493161
 #-of-ghosts-2-step-away: -11.3779938184255
 #-of-ghosts-4-step-away: -11.3779938184255
 #-of-ghosts-1-step-away: -11.3779938184255
 closest-capsule: -10.461128881982578
 capsules: 8.267269807834454
 num-food: 18.428054389921567
 eats-food: 2.0811322517599358