closest-food:-1.18898823482
bias:109.761302996
capsules:12.8180044889
#-of-ghosts-1-step-away:-250.622527577
eats-food:213.916391038
