eats-food:205.816872313
closest-food:-7.76306733982
bias:120.916014653
capsules:54.290705917
#-of-ghosts-1-step-away:-187.821812535
